#https://arxiv.org/pdf/2303.14729 Figure2 ROI
0    0
1.632653061224488    0.00512820512820511
2.6122448979591795    0.03076923076923066
3.9183673469387728    0.14358974358974352
5.224489795918366    0.30512820512820515
6.530612244897959    0.46153846153846156
7.346938775510203    0.5435897435897437
8.244897959183671    0.6102564102564103
9.142857142857146    0.6564102564102565
10.938775510204085    0.7230769230769232
13.551020408163268    0.7641025641025642
15.836734693877549    0.7910256410256411
17.06122448979592    0.794871794871795
19.0204081632653    0.8115384615384615
20.081632653061227    0.8153846153846155
21.06122448979592    0.8205128205128206
23.02040816326531    0.8205128205128205
24.326530612244895    0.8230769230769232
26.285714285714292    0.8205128205128206
28.57142857142857    0.8153846153846155
29.877551020408163    0.8128205128205129
31.51020408163265    0.8153846153846155
32.9795918367347    0.8153846153846155
34.44897959183673    0.8153846153846155
36.57142857142857    0.8153846153846155
38.204081632653065    0.8205128205128205
39.51020408163265    0.8153846153846155
40.816326530612244    0.8102564102564103
42.61224489795919    0.8
43.755102040816325    0.7846153846153847
45.71428571428572    0.7538461538461538
47.34693877551021    0.7076923076923077
48.48979591836735    0.6666666666666667
49.9591836734694    0.617948717948718
50.61224489795919    0.576923076923077
51.510204081632665    0.5333333333333333
52.734693877551024    0.45641025641025645
54.0408163265306    0.3846153846153846
55.34693877551021    0.3153846153846154
56.48979591836735    0.2615384615384615
57.6326530612245    0.20512820512820507
59.10204081632655    0.14615384615384608
61.06122448979592    0.08974358974358965
62.530612244897966    0.05641025641025621
64.3265306122449    0.03076923076923066
66.44897959183673    0.01538461538461533
68.89795918367348    0.0064102564102561654
72.16326530612245    0.0012820512820510555
76.08163265306122    0
80.00000000000001    0
