#https://arxiv.org/abs/2407.10892 Fig1 US2
0.3011363636363635     0.005989254728891262
0.32481060606060597     0.008779746765307118
0.3579545454545454     0.014039629005256104
0.39109848484848475     0.02058227728893015
0.4289772727272726     0.02965502823785291
0.4857954545454545     0.04501963234249576
0.5236742424242423     0.058441834787322136
0.5781249999999999     0.07720455762083313
0.6467803030303029     0.10200111451259042
0.6988636363636362     0.11931270120047723
0.755681818181818     0.13716255399755217
0.8361742424242423     0.16047341227997228
0.921401515151515     0.17667284853500032
1.0066287878787876     0.1878634075681378
1.0965909090909092     0.19127620610325713
1.2007575757575757     0.1914147561766013
1.28125     0.18497970005347197
1.3806818181818183     0.1757044387301676
1.4706439393939394     0.16400822842827673
1.5890151515151514     0.14918101256633992
1.664772727272727     0.13683790096094003
1.7357954545454546     0.12660724184834599
1.821022727272727     0.11413867292363693
1.887310606060606     0.10652321214488895
1.9630681818181817     0.09770957109599639
2.0293560606060606     0.08961926385001032
2.1003787878787876     0.0822015357428469
2.171401515151515     0.0740988249003421
2.247159090909091     0.06564623667576173
2.3039772727272725     0.05916956029232584
2.356060606060606     0.05521624835765005
2.4152462121212124     0.050203747304711346
2.464962121212121     0.050659372449820245
2.5265151515151514     0.0425965011567309
2.5691287878787876     0.0345888828295654
2.6164772727272725     0.03645196825771908
2.668560606060606     0.03521955598589152
2.711174242424242     0.036475970942053085
2.739583333333333     0.03462989023000001
2.7679924242424243     0.029621861697387314
2.829545454545454     0.028622253956336385
2.867424242424242     0.028629791275097488
2.910037878787879     0.022453624184168228
2.9384469696969697     0.019543162996541005
3     0.015871378066204703
